 90 
 25 
 42 
 44 
 71 
 40 
 36 
 37 
 98 
 40 
 26 
 30 
 21 
 44 
 55 
 33 
 63 
 26 
 32 
 96 
 60 
 33 
 65 
 61 
 35 
 38 
 97 
 89 
 40 
 78 
 26 
 31 
 37 
 20 
 46 
 24 
 30 
 30 
 95 
 90 
 30 
 27 
 27 
 43 
 44 
 22 
 38 
 22 
 32 
 23 
 94 
 24 
 51 
 37 
 40 
 89 
 78 
 26 
 95 
 30 
 82 
 99 
 70 
 28 
 36 
 35 
 20 
 36 
 83 
 49 
 45 
 32 
 43 
 57 
 32 
 22 
 81 
 32 
 53 
 65 
 40 
 22 
 22 
 23 
 85 
 40 
 28 
 66 
 40 
 30 
 20 
 91 
 37 
 46 
 20 
 35 
 63 
 37 
 80 
 22 
 68 
 21 
 80 
 36 
 60 
 28 
 72 
 38 
 42 
 24 
 100 
 20 
 40 
 35 
 50 
 71 
 95 
 31 
 89 
 24 
 74 
 93 
 36 
 40 
 98 
 57 
 25 
 56 
 25 
 62 
 26 
 61 
 74 
 36 
 29 
 50 
 53 
 53 
 27 
 40 
 79 
 23 
 30 
 71 
 35 
 46 
 37 
 23 
 33 
 34 
 33 
 33 
 100 
 59 
 23 
 25 
 28 
 30 
 34 
 40 
 24 
 76 
 78 
 77 
 29 
 31 
 37 
 28 
 25 
 30 
 20 
 69 
 53 
 65 
 77 
 28 
 100 
 40 
 92 
 32 
 49 
 27 
 73 
 32 
 30 
 52 
 83 
 40 
 34 
 31 
 30 
 85 
 26 
 69 
 23 
 30 
 30 
 73 
 55 
 31 
 53 
 38 
 28 
 31 
 78 
 32 
 22 
 59 
 25 
 93 
 72 
 76 
 29 
 61 
 62 
 20 
 33 
 36 
 33 
 34 
 55 
 78 
 31 
 54 
 80 
 28 
 73 
 30 
 22 
 52 
 65 
 35 
 100 
 39 
 31 
 23 
 29 
 29 
 30 
 34 
 83 
 40 
 22 
 53 
 32 
 65 
 91 
 31 
 29 
 35 
 71 
 58 
 36 
 62 
 50 
 62 
 70 
 21 
 66 
 23 
 96 
 30 
 80 
 47 
 34 
 28 
 93 
 45 
 22 
 20 
 87 
 56 
 27 
 90 
 60 
 38 
 22 
 54 
 28 
 40 
 67 
 56 
 63 
 34 
 54 
 33 
 30 
 65 
 30 
 29 
 24 
 37 
 61 
 89 
 84 
 68 
 76 
 64 
 23 
 50 
 46 
 31 
 28 
 64 
 29 
 26 
 42 
 57 
 20 
 70 
 40 
 77 
 38 
 74 
 39 
 24 
 36 
 22 
 30 
 25 
 28 
 41 
 78 
 60 
 80 
 26 
 81 
 30 
 34 
 76 
 40 
 80 
 60 
 60 
 35 
 78 
 60 
 65 
 40 
 92 
 28 
 40 
 48 
 23 
 60 
 25 
 49 
 20 
 26 
 63 
 35 
 60 
 72 
 30 
 31 
 42 
 38 
 57 
 21 
 25 
 28 
 29 
 81 
 100 
 51 
 70 
 29 
 96 
 75 
 23 
 71 
 75 
 48 
 40 
 53 
 69 
 30 
 93 
 20 
 22 
 34 
 46 
 22 
 49 
 28 
 80 
 37 
 53 
 20 
 46 
 40 
 37 
 59 
 39 
 88 
 25 
 37 
 95 
 37 
 71 
 22 
 56 
 26 
 31 
 37 
 25 
 23 
 35 
 40 
 35 
 31 
 91 
 29 
 80 
 28 
 61 
 25 
 37 
 45 
 40 
 46 
 31 
 41 
 65 
 70 
 75 
 93 
 87 
 59 
 48 
 35 
 30 
 60 
 75 
 44 
 68 
 63 
 30 
 77 
 78 
 75 
 37 
 23 
 63 
 96 
 37 
 63 
 43 
 37 
 36 
 27 
 47 
 80 
 22 
 26 
 89 
 56 
 39 
 40 
 82 
 53 
 58 
 47 
 95 
 26 
 35 
 24 
 52 
 22 
 50 
 47 
 100 
 79 
 97 
 80 
 81 
 23 
 81 
 85 
 91 
 96 
 78 
 41 
 97 
 32 
 52 
 67 
 98 
 35 
 35 
 80 
 61 
 64 
 23 
 24 
 39 
 44 
 32 
 35 
 40 
 30 
 21 
 49 
 33 
 90 
 38 
 37 
 20 
 80 
 26 
 97 
 77 
 27 
 40 
 34 
 24 
 45 
 21 
 22 
 83 
 39 
 34 
 32 
 42 
 73 
 50 
 23 
 36 
 31 
 82 
 61 
 80 
 40 
 26 
 72 
 48 
 31 
 36 
 32 
 55 
 37 
 69 
 35 
 25 
 41 
 71 
 33 
 43 
 31 
 56 
 37 
 41 
 68 
 28 
 81 
 39 
 74 
 31 
 83 
 43 
 82 
 21 
 49 
 62 
 68 
 29 
 28 
 27 
 32 
 30 
 44 
 39 
 55 
 38 
 70 
 74 
 25 
 46 
 44 
 94 
 29 
 43 
 57 
 43 
 24 
 28 
 41 
 88 
 35 
 37 
 81 
 23 
 24 
 43 
 57 
 40 
 50 
 22 
 40 
 32 
